3358
1
MONO
2
2
2
2
2
2
2
2
3
3
2
2
2
2
3
2
2
2
3
2
2
3
3
2
2
2
2
2
2
2
2
2
2
3
2
2
2
3
2
2
2
2
2
2
2
3
2
2
2
2
2
2
2
3
3
3
2
2
2
2
2
2
2
2
2
2
2
2
2
2
2
2
2
2
2
2
3
2
2
2
2
2
2
2
2
2
2
2
2
2
2
2
2
3
2
2
2
2
2
2
3
2
2
2
2
2
2
2
2
2
2
2
2
2
2
2
2
2
3
2
3
2
2
2
2
2
2
2
2
2
3
3
3
2
2
2
2
2
2
3
3
2
2
2
2
3
3
3
3
2
2
3
2
3
3
3
3
3
2
2
2
2
2
3
2
3
3
3
2
2
3
3
3
3
2
2
3
3
2
2
3
2
3
3
2
2
3
3
3
3
3
2
2
3
2
2
3
3
3
3
3
2
2
3
3
2
2
3
3
3
3
2
3
3
3
3
3
3
3
3
3
3
3
3
3
3
3
3
3
3
3
3
3
3
3
3
3
3
3
3
3
4
3
4
4
4
4
3
4
4
4
4
4
4
4
4
5
5
5
5
5
5
6
6
6
6
7
7
7
8
7
9
9
9
10
10
11
11
11
12
12
12
12
13
14
15
15
16
17
17
18
19
20
21
23
24
24
25
26
27
28
28
30
32
33
34
35
37
39
40
42
43
56
70
47
49
51
51
53
56
58
59
60
62
64
67
69
71
71
76
76
78
79
80
83
83
85
87
88
90
91
92
95
98
101
104
105
108
112
112
112
113
117
119
119
125
133
138
138
135
136
146
156
164
161
153
146
151
167
185
196
197
185
169
161
169
191
215
234
246
253
249
236
214
194
189
207
243
284
323
353
373
381
374
362
340
310
268
232
224
249
293
343
388
432
466
484
498
512
516
513
498
473
440
404
360
312
268
253
273
323
390
453
512
562
602
639
664
683
698
716
736
749
759
764
758
735
713
681
639
597
549
490
420
351
320
339
396
465
529
587
640
689
739
792
843
877
901
918
935
956
975
994
1003
987
936
822
718
710
794
911
987
1010
1007
992
972
953
926
893
850
799
740
669
580
477
396
370
413
504
606
697
774
842
902
960
1011
1060
1102
1130
1153
1174
1196
1211
1223
1237
1256
1276
1292
1305
1318
1340
1350
1349
1354
1352
1343
1345
1352
1367
1391
1410
1420
1407
1393
1392
1394
1405
1409
1406
1403
1404
1391
1383
1367
1355
1349
1343
1327
1298
1274
1261
1242
1225
1197
1156
1104
1046
973
887
781
659
572
550
593
693
816
925
1020
1097
1165
1219
1261
1306
1332
1354
1365
1376
1403
1433
1471
1498
1503
1501
1506
1511
1528
1535
1527
1528
1537
1543
1557
1575
1583
1592
1585
1565
1565
1553
1555
1579
1595
1618
1630
1643
1656
1672
1684
1679
1667
1654
1647
1662
1683
1694
1706
1701
1686
1681
1680
1678
1679
1658
1646
1646
1649
1656
1667
1665
1670
1695
1704
1695
1683
1669
1664
1679
1706
1718
1721
1720
1734
1750
1763
1751
1725
1707
1709
1736
1757
1769
1764
1756
1736
1725
1717
1708
1709
1694
1665
1645
1637
1636
1647
1650
1627
1601
1583
1558
1540
1514
1460
1402
1342
1274
1199
1097
972
842
744
722
781
907
1038
1148
1249
1341
1435
1517
1591
1651
1702
1740
1772
1797
1820
1844
1880
1908
1924
1919
1912
1921
1951
1991
2004
2005
2003
2008
2025
2036
2056
2081
2096
2098
2077
2057
2046
2060
2095
2125
2135
2142
2145
2136
2131
2130
2144
2145
2118
2105
2107
2126
2138
2140
2134
2135
2143
2157
2167
2167
2156
2153
2166
2188
2205
2188
2154
2122
2121
2156
2207
2229
2232
2244
2269
2284
2291
2293
2294
2305
2313
2310
2311
2315
2306
2293
2282
2278
2280
2285
2290
2282
2278
2282
2295
2320
2342
2340
2323
2299
2269
2240
2228
2245
2255
2276
2307
2330
2342
2355
2362
2364
2357
2359
2366
2359
2344
2327
2321
2344
2365
2392
2412
2441
2461
2472
2482
2492
2502
2511
2520
2520
2510
2504
2496
2500
2518
2529
2527
2514
2506
2507
2513
2522
2538
2548
2549
2546
2540
2536
2542
2542
2540
2536
2535
2532
2515
2498
2487
2492
2507
2523
2530
2536
2538
2541
2550
2554
2554
2560
2564
2570
2562
2554
2545
2547
2555
2572
2588
2602
2614
2619
2629
2642
2651
2658
2654
2647
2643
2638
2644
2656
2664
2672
2679
2686
2686
2689
2685
2687
2686
2680
2675
2676
2666
2660
2664
2668
2674
2673
2681
2682
2674
2671
2672
2674
2668
2674
2676
2670
2667
2657
2650
2637
2632
2634
2637
2639
2634
2632
2629
2605
2576
2555
2534
2527
2512
2486
2459
2418
2371
2318
2259
2184
2101
1998
1886
1755
1593
1417
1270
1198
1240
1382
1557
1708
1833
1938
2038
2122
2200
2260
2304
2346
2375
2405
2443
2483
2523
2546
2558
2571
2587
2594
2599
2609
2611
2612
2590
2558
2549
2569
2599
2635
2651
2648
2642
2652
2677
2700
2714
2725
2731
2738
2735
2729
2715
2714
2730
2761
2783
2791
2795
2800
2814
2823
2827
2816
2800
2785
2789
2809
2828
2838
2845
2847
2844
2829
2801
2785
2791
2798
2810
2804
2776
2736
2711
2714
2744
2777
2786
2784
2780
2769
2760
2748
2735
2727
2735
2753
2752
2746
2733
2727
2735
2743
2757
2765
2763
2754
2753
2752
2752
2755
2755
2758
2765
2772
2784
2793
2804
2813
2811
2808
2806
2807
2817
2833
2847
2857
2869
2878
2886
2893
2892
2884
2877
2871
2867
2868
2872
2871
2869
2867
2868
2875
2889
2903
2900
2899
2900
2907
2907
2909
2894
2849
2795
2743
2721
2757
2820
2876
2899
2883
2854
2828
2826
2845
2858
2860
2861
2873
2882
2894
2897
2889
2898
2912
2933
2944
2943
2949
2954
2938
2911
2884
2872
2872
2880
2882
2902
2943
2972
2981
2990
2997
2995
2990
2986
2985
2975
2955
2925
2893
2876
2872
2879
2887
2906
2919
2939
2952
2961
2976
2996
3009
3012
3007
3003
2995
2991
2985
2972
2973
2968
2951
2920
2897
2895
2906
2921
2899
2873
2866
2873
2887
2892
2883
2872
2881
2895
2907
2917
2919
2917
2923
2926
2912
2889
2864
2843
2832
2830
2839
2859
2883
2887
2879
2873
2875
2886
2901
2905
2901
2893
2889
2887
2875
2867
2863
2871
2883
2887
2891
2898
2910
2912
2904
2899
2895
2897
2901
2903
2908
2926
2935
2936
2921
2912
2907
2916
2916
2908
2904
2903
2904
2898
2890
2888
2896
2896
2885
2865
2856
2853
2861
2872
2871
2865
2855
2848
2849
2841
2837
2828
2817
2809
2806
2799
2807
2810
2810
2812
2813
2799
2779
2750
2738
2736
2742
2752
2761
2767
2779
2780
2772
2772
2774
2771
2770
2768
2766
2769
2765
2757
2748
2741
2737
2739
2741
2745
2746
2746
2729
2707
2695
2692
2698
2703
2701
2701
2703
2710
2716
2721
2726
2715
2703
2693
2688
2694
2693
2689
2690
2690
2690
2688
2678
2668
2663
2661
2662
2659
2659
2658
2652
2639
2624
2617
2612
2616
2618
2619
2624
2620
2623
2622
2615
2600
2589
2576
2573
2571
2566
2568
2564
2567
2555
2551
2546
2536
2524
2520
2519
2518
2517
2512
2510
2507
2500
2494
2490
2486
2479
2479
2473
2463
2457
2452
2445
2441
2430
2426
2423
2417
2411
2406
2402
2400
2398
2396
2390
2385
2383
2378
2375
2367
2362
2359
2355
2352
2353
2352
2349
2350
2352
2349
2348
2349
2346
2345
2343
2339
2338
2339
2341
2339
2336
2341
2338
2336
2333
2329
2327
2332
2328
2326
2325
2317
2313
2304
2300
2299
2302
2308
2312
2311
2314
2307
2304
2303
2294
2285
2269
2246
2208
2195
2186
2187
2197
2211
2236
2258
2265
2266
2267
2259
2253
2247
2244
2245
2245
2248
2247
2245
2241
2243
2245
2239
2227
2215
2210
2204
2200
2205
2207
2199
2194
2194
2193
2195
2187
2182
2179
2170
2163
2157
2147
2147
2143
2136
2131
2127
2123
2121
2119
2116
2108
2106
2099
2092
2087
2081
2078
2074
2070
2062
2057
2054
2053
2055
2058
2056
2053
2052
2046
2041
2036
2030
2028
2028
2025
2026
2025
2027
2024
2023
2020
2019
2019
2020
2019
2017
2016
2012
2013
2013
2013
2017
2020
2018
2017
2018
2010
2008
2004
2013
2019
2023
2022
2018
2019
2017
2009
2006
2008
2013
2016
2013
2009
2000
1994
1987
1988
1988
1980
1980
1979
1973
1960
1954
1951
1960
1971
1974
1975
1973
1971
1972
1968
1974
1976
1969
1968
1966
1958
1953
1953
1951
1949
1947
1945
1945
1941
1937
1931
1931
1930
1923
1920
1917
1913
1904
1900
1897
1896
1889
1884
1883
1875
1867
1862
1863
1870
1877
1881
1885
1882
1884
1882
1879
1874
1872
1853
1817
1790
1787
1807
1830
1840
1842
1833
1830
1825
1824
1823
1822
1824
1826
1830
1833
1833
1827
1822
1822
1825
1827
1833
1834
1831
1827
1824
1821
1818
1815
1804
1784
1774
1780
1791
1803
1803
1802
1798
1798
1793
1784
1767
1757
1758
1770
1774
1770
1772
1765
1765
1764
1760
1754
1749
1745
1739
1733
1732
1729
1724
1722
1716
1707
1700
1698
1699
1701
1700
1694
1686
1681
1676
1672
1667
1663
1663
1664
1661
1652
1644
1623
1605
1599
1608
1613
1617
1618
1619
1614
1608
1603
1603
1603
1598
1594
1595
1591
1581
1570
1563
1567
1577
1583
1583
1583
1580
1572
1553
1533
1530
1532
1536
1535
1528
1519
1511
1496
1477
1467
1449
1424
1395
1363
1332
1294
1244
1190
1119
1024
926
877
901
977
1062
1136
1197
1246
1290
1326
1353
1373
1391
1409
1425
1435
1443
1453
1464
1465
1470
1473
1476
1477
1477
1480
1477
1476
1476
1475
1471
1473
1470
1465
1464
1460
1459
1456
1455
1451
1446
1445
1442
1440
1437
1432
1428
1425
1427
1420
1420
1414
1409
1406
1403
1400
1397
1397
1395
1393
1389
1384
1382
1378
1376
1371
1369
1365
1364
1363
1359
1354
1347
1346
1344
1345
1341
1337
1334
1336
1331
1328
1322
1319
1315
1312
1311
1311
1308
1304
1301
1300
1297
1296
1293
1291
1289
1286
1288
1284
1282
1278
1274
1275
1274
1267
1266
1267
1265
1260
1261
1259
1254
1254
1255
1250
1247
1244
1243
1240
1236
1232
1231
1228
1226
1221
1221
1219
1212
1210
1209
1204
1206
1204
1199
1194
1191
1174
1129
1030
916
853
857
893
946
1004
1045
1047
1026
1007
999
1000
1004
1009
1017
1025
1031
1041
1050
1058
1061
1068
1073
1077
1078
1077
1080
1074
1073
1076
1077
1071
1064
1060
1061
1064
1063
1063
1067
1061
1052
1051
1055
1063
1068
1067
1065
1065
1060
1056
1055
1051
1045
1037
1029
1026
1025
1028
1022
1019
1016
1008
1005
1006
1010
1010
1005
1000
1000
999
998
993
993
995
999
997
997
988
985
986
988
984
983
977
974
975
973
971
969
967
967
966
964
966
962
960
956
956
955
951
949
947
945
944
941
940
934
934
931
925
924
916
914
911
911
913
913
913
910
910
905
908
903
900
899
894
887
883
881
880
878
876
871
861
847
830
815
800
786
781
776
772
760
740
728
728
733
735
738
737
732
724
730
739
755
774
783
784
784
780
780
773
766
758
740
720
707
706
706
698
698
706
707
704
694
696
704
707
701
697
693
699
697
685
671
668
678
692
698
690
677
667
667
675
681
679
671
666
667
669
668
668
672
668
670
679
682
682
680
679
678
677
682
685
684
681
680
678
676
677
674
674
672
669
670
669
667
669
670
673
670
668
663
663
664
661
662
659
659
659
659
657
657
657
653
652
652
649
647
648
644
639
641
642
642
643
641
640
635
637
633
632
632
631
628
624
623
621
619
617
619
619
618
617
615
614
608
603
602
600
598
599
600
600
598
599
598
594
590
584
578
575
570
570
572
572
574
574
573
576
574
570
569
569
567
564
562
557
552
549
544
542
540
541
542
543
545
545
547
548
549
551
550
544
541
525
493
429
347
273
218
180
155
146
152
172
212
265
313
330
316
293
275
271
271
277
286
295
306
319
333
348
361
377
392
404
414
425
433
441
443
449
456
460
463
464
463
461
458
456
457
458
463
467
472
476
482
486
489
491
494
496
499
501
500
503
505
503
503
504
503
504
504
502
502
504
506
503
500
502
501
499
497
492
488
482
472
458
448
445
450
453
451
451
449
442
437
430
427
427
428
432
435
437
442
443
447
446
448
449
454
454
455
457
456
459
462
462
463
460
459
459
458
458
458
457
456
454
454
456
456
453
450
446
441
434
426
414
405
400
406
412
417
423
426
428
429
430
427
425
422
422
419
416
414
412
410
406
402
401
398
396
389
385
379
375
370
363
356
349
340
336
336
342
347
353
354
361
365
368
371
373
374
376
376
380
380
381
382
383
384
385
386
386
385
385
386
386
386
385
386
385
383
382
383
380
382
384
384
383
383
382
381
382
383
381
381
381
379
377
374
373
374
375
371
369
367
365
364
366
366
367
365
363
363
362
361
359
354
352
350
351
352
348
347
344
340
337
333
331
331
328
326
324
320
315
314
313
314
309
305
297
298
298
300
301
299
292
290
289
292
294
291
287
286
284
280
280
281
281
283
280
277
272
267
258
250
240
228
216
207
210
220
231
240
249
255
259
263
268
270
271
272
270
272
274
279
279
280
279
275
270
270
272
270
270
269
268
272
273
275
275
275
274
275
273
273
272
271
270
268
269
269
268
269
268
265
264
265
264
265
268
267
269
268
268
266
266
266
264
263
261
258
259
260
259
256
257
256
257
257
257
258
257
256
257
257
256
256
257
255
254
254
254
252
249
248
248
249
247
246
247
248
247
245
242
241
240
239
240
240
241
239
240
239
238
238
235
235
234
231
232
232
235
235
234
230
228
226
223
223
222
221
223
224
224
225
223
223
221
223
223
223
222
222
221
217
212
208
204
201
202
206
210
212
213
214
215
215
212
211
213
213
213
213
214
213
211
210
207
203
200
198
196
193
190
190
192
195
195
197
199
199
199
198
196
196
194
194
195
195
194
192
191
190
188
186
181
176
174
170
165
163
159
157
158
158
159
159
158
159
159
159
157
157
153
149
148
143
139
135
133
133
136
139
143
146
149
151
150
151
152
152
153
154
154
152
151
150
148
147
147
147
149
150
153
154
156
161
163
162
161
164
166
169
169
170
169
168
167
166
166
168
168
169
168
169
168
165
165
165
165
165
165
164
162
162
162
160
159
158
157
157
154
154
150
145
141
137
136
134
135
136
137
138
142
144
145
147
146
149
150
150
149
148
149
150
150
151
150
149
146
145
145
146
148
149
145
145
144
144
142
143
144
141
141
141
141
139
138
137
134
133
130
128
128
129
128
128
127
127
126
124
120
115
109
110
113
116
116
114
112
110
107
106
105
104
104
103
105
105
106
108
109
112
115
116
118
118
116
119
119
120
121
117
115
116
116
114
112
110
109
110
109
111
109
108
108
109
108
106
106
106
106
108
109
108
106
108
107
106
107
106
106
104
101
99
102
99
97
97
98
99
102
101
101
100
98
96
97
97
99
100
99
96
95
95
94
93
94
94
94
94
95
92
90
91
92
92
92
91
89
90
88
87
86
84
85
84
81
81
79
79
79
80
81
82
82
83
84
84
85
84
83
84
82
84
84
83
85
85
84
82
81
78
78
78
78
78
77
76
74
74
74
72
73
71
69
67
67
64
63
64
63
62
63
61
60
59
57
57
59
59
59
59
57
57
59
58
57
57
57
57
56
56
56
55
58
59
61
61
62
63
63
62
63
63
61
61
60
60
60
59
57
59
56
55
56
54
54
53
53
52
52
53
54
53
52
52
53
53
52
52
52
52
52
52
52
51
52
52
51
51
49
49
49
47
47
47
48
49
50
51
51
50
50
47
46
46
46
45
45
46
46
46
45
44
43
42
42
42
40
41
41
42
41
42
42
42
42
43
44
44
43
43
42
42
42
40
42
43
42
43
42
41
42
43
43
42
42
42
41
40
41
40
41
40
40
39
38
39
39
39
39
39
39
39
38
38
37
38
38
37
38
37
37
36
36
36
36
36
36
36
35
34
34
34
33
33
33
32
32
29
29
29
28
26
27
25
25
23
23
22
20
19
17
16
14
14
16
16
18
18
20
21
21
22
23
24
24
25
24
25
25
26
26
27
27
27
27
27
27
27
28
27
26
28
29
27
27
28
28
27
27
28
27
28
27
27
27
26
28
26
26
27
27
25
25
25
26
25
24
24
25
24
25
26
26
25
26
25
25
24
24
24
24
25
25
25
24
25
24
24
25
23
23
24
25
23
23
22
21
23
23
23
24
23
22
23
22
21
22
22
22
21
21
22
21
21
21
21
21
20
20
20
19
20
21
21
21
20
20
20
20
20
19
19
19
18
18
18
19
19
18
17
17
17
17
16
17
18
17
17
17
16
15
17
17
17
16
17
16
17
16
16
16
16
17
16
15
16
16
16
15
15
16
16
16
16
16
15
15
16
17
16
15
15
15
15
15
15
15
15
15
15
14
14
14
14
14
14
15
14
14
14
14
14
14
13
14
13
13
14
13
13
13
13
14
13
13
13
13
12
13
13
12
12
12
12
13
13
14
13
13
12
12
12
13
13
11
12
12
