3358
1
MONO
4
3
3
4
4
4
4
4
4
4
4
4
4
4
4
4
4
4
4
4
4
4
4
3
4
4
4
3
4
4
4
4
4
3
4
3
3
4
4
3
4
3
4
3
4
4
4
4
3
4
3
3
3
3
4
3
3
4
3
3
4
4
3
3
4
4
3
3
3
4
4
4
4
4
4
4
4
4
4
4
4
3
4
4
4
3
3
4
4
4
4
4
3
4
3
4
3
3
3
4
4
3
4
4
4
3
4
4
4
4
3
4
4
3
4
4
4
4
3
3
4
4
3
4
4
4
4
4
4
4
4
4
4
3
4
4
4
3
3
3
4
3
3
3
4
4
4
4
4
3
4
3
3
4
4
4
3
3
3
4
3
3
3
4
4
4
4
3
3
4
4
4
3
3
3
4
4
4
4
4
4
3
4
3
4
3
3
3
4
4
3
4
4
4
3
3
4
3
4
4
3
3
3
4
4
4
4
4
4
4
3
4
4
4
4
4
4
3
4
4
4
4
4
4
4
4
4
4
4
4
3
4
4
4
4
4
3
4
4
3
4
4
3
4
4
4
3
4
4
3
4
4
3
4
4
4
4
4
4
4
3
3
4
3
4
4
4
4
4
4
4
4
4
3
4
4
4
4
4
4
4
4
3
4
4
4
4
4
4
4
4
4
4
4
4
4
4
4
4
4
4
4
4
4
4
4
4
4
4
5
5
5
25
42
5
5
5
5
4
4
4
5
5
5
5
5
5
6
5
6
6
6
5
6
6
6
5
6
6
6
5
6
6
7
6
7
7
6
6
6
6
6
6
7
7
7
6
6
5
5
6
6
6
5
5
5
5
6
6
6
5
5
5
5
6
7
7
7
6
6
6
7
7
8
9
9
10
10
10
11
11
10
9
8
8
8
8
8
8
8
9
10
10
10
10
9
8
8
8
6
6
7
6
7
7
7
7
7
7
7
8
9
9
9
10
9
9
9
13
9
9
9
10
10
10
9
10
10
10
10
10
11
11
11
11
13
16
16
15
15
15
15
15
16
17
18
19
19
17
16
13
12
12
11
10
8
7
7
7
8
9
11
12
14
17
19
22
22
22
20
17
15
11
9
8
9
9
13
18
22
26
29
32
35
38
39
40
41
42
44
47
49
50
48
50
52
56
59
63
64
63
62
60
62
63
58
51
48
52
62
68
66
56
51
52
58
67
70
67
63
62
57
58
56
61
63
67
64
60
63
67
73
83
89
93
98
100
94
86
78
70
70
74
82
86
86
84
82
80
81
80
80
85
87
86
80
74
73
76
79
79
71
66
65
69
77
76
76
81
87
92
96
93
91
88
82
77
76
75
81
88
93
97
97
100
100
99
97
94
88
81
81
87
98
106
111
110
106
111
116
120
108
84
65
64
77
96
110
113
117
127
142
149
148
137
120
109
110
115
119
131
141
154
158
142
119
102
105
124
140
148
147
141
133
123
120
122
130
129
123
115
105
102
100
107
126
160
192
213
221
205
180
169
176
200
229
236
228
212
197
196
214
235
240
234
228
226
234
244
251
257
267
268
262
248
239
235
235
232
220
193
177
186
211
230
240
255
268
272
261
234
214
207
230
257
270
269
269
280
290
287
285
289
286
283
281
285
302
324
313
314
327
342
340
326
307
289
276
275
283
301
317
326
338
360
384
398
398
390
387
402
412
400
381
374
374
379
410
442
466
479
477
467
461
451
444
445
450
447
427
393
367
354
367
384
400
420
434
428
432
439
439
439
439
443
462
488
495
487
480
485
506
507
500
505
501
489
477
490
505
517
527
519
498
491
498
505
515
526
544
576
609
614
615
628
635
636
634
631
626
622
621
611
587
570
555
546
548
537
526
539
571
590
597
614
640
633
589
555
538
552
590
608
612
614
599
590
600
602
601
611
622
633
638
618
603
607
611
613
614
626
645
660
687
716
721
700
676
640
618
640
669
691
699
702
702
713
724
731
731
721
710
705
699
691
680
670
676
704
726
732
747
741
724
700
682
681
694
712
737
764
773
759
757
769
774
760
756
772
784
793
811
822
813
794
781
783
779
776
779
794
788
779
780
791
805
805
798
799
779
755
741
716
717
744
758
756
748
758
783
805
808
785
761
747
747
771
808
870
910
905
878
866
868
872
856
845
849
848
823
773
766
813
857
894
920
900
861
840
837
854
905
939
959
978
984
962
926
896
893
927
926
909
904
935
970
985
972
930
887
861
860
895
923
940
947
947
931
910
883
879
875
870
873
857
830
831
854
867
869
884
912
935
958
970
937
877
837
829
869
935
953
926
923
957
1000
1019
1014
993
951
913
921
931
938
928
908
875
853
874
916
953
985
997
993
971
943
932
934
939
925
916
926
958
995
1016
1002
961
908
879
894
919
956
995
1006
990
965
948
933
920
909
913
925
961
1023
1055
1023
949
851
746
716
745
773
839
871
848
824
845
942
1024
1032
1009
1013
1057
1080
1046
967
883
857
907
1013
1127
1177
1191
1185
1144
1093
1075
1123
1200
1234
1246
1287
1323
1318
1296
1247
1173
1141
1168
1222
1266
1284
1246
1151
1048
1007
1023
1070
1176
1272
1321
1354
1356
1359
1408
1460
1464
1424
1363
1300
1270
1319
1400
1477
1522
1526
1528
1505
1484
1466
1438
1404
1325
1263
1219
1247
1352
1419
1432
1410
1378
1377
1394
1404
1429
1484
1557
1607
1614
1595
1556
1515
1463
1423
1405
1431
1517
1561
1563
1554
1533
1506
1477
1441
1400
1384
1382
1389
1403
1394
1350
1322
1374
1454
1544
1607
1626
1622
1608
1602
1576
1543
1483
1444
1463
1509
1597
1658
1638
1589
1538
1538
1560
1551
1533
1547
1587
1593
1593
1598
1586
1551
1511
1491
1476
1488
1524
1535
1565
1581
1575
1582
1590
1599
1610
1606
1581
1560
1547
1531
1513
1493
1517
1579
1649
1674
1654
1633
1612
1608
1623
1626
1647
1669
1689
1697
1699
1710
1736
1742
1728
1707
1692
1683
1666
1647
1641
1649
1675
1695
1710
1725
1719
1700
1646
1581
1537
1528
1571
1616
1634
1626
1613
1640
1700
1760
1794
1762
1722
1668
1639
1644
1633
1631
1644
1694
1744
1747
1720
1686
1660
1655
1659
1669
1689
1707
1718
1699
1649
1611
1607
1638
1661
1675
1690
1723
1769
1792
1778
1746
1717
1693
1689
1705
1733
1759
1740
1693
1636
1610
1589
1563
1536
1534
1580
1647
1702
1746
1777
1778
1756
1728
1709
1722
1731
1741
1734
1725
1733
1735
1740
1731
1705
1704
1715
1724
1721
1719
1736
1780
1802
1791
1767
1752
1725
1667
1602
1550
1558
1597
1649
1707
1724
1745
1762
1777
1792
1781
1769
1784
1790
1787
1787
1804
1828
1841
1841
1848
1856
1851
1838
1821
1817
1833
1847
1850
1834
1809
1780
1758
1730
1715
1725
1737
1758
1761
1777
1796
1822
1825
1804
1763
1726
1698
1663
1547
1404
1317
1292
1347
1418
1518
1634
1701
1736
1756
1764
1740
1718
1704
1717
1733
1759
1779
1793
1794
1778
1770
1764
1749
1735
1732
1744
1765
1773
1764
1755
1744
1758
1796
1826
1827
1824
1837
1858
1848
1814
1784
1761
1745
1736
1739
1754
1775
1793
1795
1787
1769
1756
1754
1740
1740
1743
1739
1730
1709
1704
1712
1735
1765
1792
1808
1823
1837
1848
1852
1845
1851
1866
1883
1887
1875
1856
1832
1813
1808
1796
1783
1796
1839
1892
1913
1910
1878
1841
1803
1792
1789
1791
1779
1776
1789
1810
1826
1802
1784
1780
1801
1827
1847
1863
1861
1834
1783
1765
1765
1777
1805
1820
1801
1729
1687
1708
1771
1827
1845
1841
1836
1837
1835
1816
1753
1682
1655
1671
1699
1716
1740
1772
1807
1828
1853
1862
1832
1773
1707
1695
1740
1786
1800
1799
1813
1845
1862
1834
1777
1699
1655
1644
1647
1659
1676
1691
1665
1633
1651
1699
1708
1663
1605
1592
1633
1674
1680
1639
1579
1521
1517
1569
1639
1669
1675
1686
1703
1698
1681
1666
1664
1699
1747
1792
1801
1773
1727
1684
1678
1686
1693
1715
1753
1772
1766
1741
1714
1702
1715
1745
1782
1809
1826
1841
1836
1805
1792
1797
1807
1801
1814
1843
1866
1857
1819
1765
1711
1677
1677
1725
1797
1852
1889
1904
1896
1873
1859
1866
1879
1883
1875
1832
1804
1807
1813
1815
1832
1851
1850
1830
1815
1809
1815
1803
1789
1803
1836
1857
1826
1787
1787
1803
1816
1826
1852
1875
1858
1785
1728
1732
1768
1818
1829
1802
1784
1783
1796
1795
1782
1777
1786
1788
1763
1753
1766
1782
1765
1691
1596
1548
1568
1641
1714
1766
1787
1802
1805
1797
1778
1778
1804
1832
1843
1836
1827
1813
1815
1833
1854
1861
1839
1811
1788
1784
1776
1756
1736
1725
1674
1582
1574
1657
1743
1755
1725
1728
1768
1803
1813
1820
1831
1841
1823
1778
1757
1769
1798
1820
1814
1781
1751
1754
1787
1823
1850
1862
1851
1815
1789
1781
1774
1758
1752
1773
1786
1788
1772
1760
1762
1776
1784
1787
1786
1776
1756
1721
1699
1700
1725
1756
1760
1731
1691
1695
1723
1743
1749
1749
1748
1736
1716
1703
1706
1710
1705
1702
1694
1683
1660
1634
1629
1650
1676
1691
1687
1685
1689
1688
1681
1662
1642
1626
1617
1617
1611
1605
1602
1618
1653
1680
1683
1664
1635
1612
1608
1622
1650
1675
1686
1663
1626
1604
1612
1628
1628
1622
1627
1639
1645
1647
1646
1639
1634
1627
1623
1630
1638
1645
1652
1653
1638
1627
1621
1626
1622
1600
1569
1557
1573
1592
1601
1594
1579
1560
1547
1534
1515
1454
1325
1202
1153
1175
1235
1317
1381
1405
1403
1392
1396
1399
1401
1406
1407
1419
1436
1452
1465
1476
1468
1452
1458
1474
1494
1491
1465
1446
1445
1445
1446
1445
1435
1420
1410
1409
1407
1412
1418
1412
1405
1416
1438
1461
1485
1501
1507
1500
1487
1457
1414
1388
1405
1433
1435
1421
1411
1416
1422
1414
1399
1390
1381
1379
1389
1395
1386
1354
1341
1361
1380
1369
1350
1361
1389
1412
1412
1394
1387
1414
1442
1453
1450
1423
1388
1370
1377
1381
1368
1355
1336
1326
1341
1372
1396
1400
1404
1397
1363
1325
1308
1309
1314
1317
1321
1322
1320
1311
1311
1305
1292
1285
1295
1303
1305
1302
1293
1276
1250
1229
1227
1239
1252
1254
1252
1257
1247
1228
1215
1225
1242
1237
1233
1220
1192
1152
1114
1084
1058
1041
1031
1033
1023
991
940
912
912
921
937
957
957
948
956
976
1001
1041
1088
1113
1121
1132
1140
1134
1128
1123
1102
1057
1013
1002
1008
1002
996
998
1021
1021
999
983
1002
1017
1001
974
976
1004
1025
1010
972
946
954
983
1006
1005
980
938
917
944
991
1012
996
972
974
980
980
978
984
987
984
1006
1029
1029
1027
1035
1038
1043
1062
1084
1096
1083
1067
1059
1058
1049
1037
1020
1020
1021
1016
1020
1037
1056
1078
1094
1104
1104
1094
1077
1056
1046
1041
1044
1057
1070
1074
1073
1078
1091
1088
1074
1058
1049
1038
1036
1039
1042
1053
1069
1072
1069
1070
1075
1070
1057
1048
1046
1054
1058
1068
1073
1066
1057
1041
1032
1040
1054
1049
1038
1031
1026
1029
1027
1019
1020
1022
1015
998
987
985
997
1012
1016
1013
1005
998
990
996
1005
1009
1004
992
985
986
985
990
993
994
991
982
979
976
971
967
970
964
957
958
960
958
956
952
948
948
950
948
943
934
921
906
888
856
771
632
485
375
299
249
225
236
270
332
419
512
563
550
504
467
446
442
446
459
474
490
515
538
562
585
604
624
643
657
671
683
696
714
741
769
789
808
820
827
835
842
850
848
845
845
843
839
834
842
854
854
849
836
820
812
819
829
832
832
832
836
842
846
847
850
849
844
833
817
807
810
822
834
841
838
839
837
835
833
832
830
830
827
822
819
817
814
805
805
809
810
806
802
804
809
804
797
799
801
806
805
805
803
802
797
791
779
766
760
764
770
772
771
768
762
752
752
751
753
756
753
752
745
739
731
723
718
714
712
708
705
704
701
689
677
672
673
675
677
677
673
661
655
651
650
648
652
659
659
654
656
657
655
650
645
636
629
625
627
634
638
637
630
622
620
623
631
640
641
643
645
640
638
635
636
633
631
632
631
621
613
609
613
618
620
618
621
622
624
627
622
612
596
585
587
599
610
617
616
613
603
594
586
590
598
601
605
605
604
602
594
586
575
568
570
572
574
571
571
566
565
557
546
540
542
544
548
547
544
538
530
524
516
511
511
517
518
518
510
497
483
476
480
479
471
460
453
446
444
444
449
445
434
416
410
420
432
442
446
436
419
418
427
431
434
436
442
441
434
430
438
456
469
476
474
475
472
470
462
447
425
396
365
352
365
394
422
435
442
449
461
470
471
464
453
446
446
455
462
467
465
454
439
423
417
421
427
427
425
419
418
421
421
423
422
414
407
404
405
408
411
408
405
405
412
412
406
402
398
397
397
401
405
409
412
410
410
409
410
410
409
406
404
402
407
408
410
408
403
401
396
388
384
385
392
399
403
405
407
408
408
408
406
403
400
398
397
396
392
390
386
388
390
387
381
377
379
387
390
390
390
389
392
393
392
392
392
387
381
381
379
383
386
384
382
383
383
384
382
371
354
333
320
327
342
356
366
365
359
355
352
353
355
357
356
355
351
346
332
307
277
253
249
266
291
312
327
339
342
345
345
345
346
342
342
343
342
344
345
343
342
343
342
342
340
339
338
337
335
334
330
330
325
325
327
326
327
324
327
327
326
324
325
326
323
318
320
318
317
312
307
297
281
257
241
241
253
267
278
281
281
285
290
289
289
286
285
287
291
293
292
291
289
290
290
288
289
288
289
290
293
295
290
287
285
283
283
282
281
280
280
282
280
280
280
279
279
277
274
272
269
270
268
265
264
266
269
270
270
268
266
262
259
258
260
257
251
246
243
246
252
254
255
255
253
251
249
252
254
252
249
245
245
246
247
252
251
252
251
250
248
245
245
242
242
240
241
238
238
237
237
240
239
239
237
237
235
232
232
232
233
233
231
228
227
227
224
222
221
218
214
212
208
207
208
207
206
199
195
190
187
185
185
184
181
180
174
170
168
166
166
167
168
168
169
163
152
142
138
145
155
160
158
156
152
149
147
148
147
145
145
146
146
147
152
157
163
170
174
175
173
173
173
175
173
172
170
168
165
160
156
153
148
144
144
142
140
137
132
131
129
127
129
130
131
132
129
131
132
131
133
135
136
133
131
132
135
132
126
122
119
114
113
118
122
124
125
121
114
108
107
108
112
117
120
120
114
107
104
103
106
110
112
112
114
117
116
117
117
119
120
122
120
120
117
114
112
112
113
115
117
117
116
115
113
110
110
107
108
109
109
109
108
108
108
108
109
109
111
111
110
106
104
101
96
92
88
85
84
85
82
78
75
73
71
69
66
64
62
59
55
50
47
44
43
44
44
43
40
36
34
32
32
36
41
43
40
38
37
37
38
35
35
34
34
34
33
33
35
38
43
46
52
56
57
58
57
56
55
53
52
50
49
50
51
51
49
48
44
41
41
43
42
39
36
35
36
38
40
41
40
38
37
37
37
40
41
41
41
42
41
40
40
40
40
44
42
40
37
33
33
35
40
44
46
45
44
42
38
35
33
35
36
38
40
41
43
43
41
39
38
38
39
37
36
35
36
36
35
35
36
39
41
42
41
41
40
39
37
35
34
33
35
35
35
36
37
37
38
40
41
40
40
39
37
36
39
40
40
39
38
36
36
37
36
37
38
38
38
38
36
36
35
39
40
40
42
41
41
42
43
44
43
41
43
42
43
43
42
42
41
42
42
41
40
40
40
41
40
39
38
37
36
35
35
34
34
34
34
34
33
32
33
33
32
32
34
35
34
34
34
35
33
34
33
32
32
32
32
34
33
32
33
34
34
33
34
34
34
36
36
35
35
34
33
34
34
33
34
34
34
34
33
32
34
34
34
34
34
34
31
31
32
31
30
31
31
31
32
32
32
33
32
31
30
30
30
30
28
29
31
30
29
30
29
29
29
29
28
28
29
29
28
26
26
27
27
27
28
27
27
26
26
25
24
26
25
25
25
25
25
25
24
24
23
22
22
22
22
22
24
23
22
22
22
23
23
22
22
23
22
21
21
21
21
21
21
20
20
21
20
19
18
18
18
19
19
19
19
19
18
19
19
18
18
18
18
18
19
18
19
18
18
17
17
16
16
16
16
17
17
17
17
16
16
16
17
17
16
16
17
16
16
16
16
15
14
15
15
14
14
15
14
13
14
15
15
15
15
14
13
13
13
13
13
13
14
13
14
13
13
13
13
13
13
13
12
13
12
12
11
11
12
12
12
12
12
12
11
12
12
12
12
12
12
